Athlete,Sport,Date,Competition,Comp Set,Class,Discipline,Discipline_AR,Phase,Gender,Age,Rank,Result,Medal,Wind,Attempt,Lane_Heat,Reaction_Time,Split_Times,Status,Country,Detection_Method,Source_URL,Rank_Original,Rank_Std
Mariam Almatar,Athletics,2026-05-14,4th GCC Games Doha 2026,GCC Games,,Women’s 100 Metres Hurdles,100 متر حواجز سيدات,Heptathlon,Women,,3,16.86,,,,,,,Official,KSA,GCC API,https://gccgames.qa/frontend/sport/athletics/COM-2026-0025,3,3
Sarah Alhilal,Athletics,2026-05-14,4th GCC Games Doha 2026,GCC Games,,Women’s 100 Metres Hurdles,100 متر حواجز سيدات,Heptathlon,Women,,1,15.60,,,,,,,Official,KSA,GCC API,https://gccgames.qa/frontend/sport/athletics/COM-2026-0025,1,1
Mariam Almatar,Athletics,2026-05-14,4th GCC Games Doha 2026,GCC Games,,Women’s High Jump,الوثب العالي سيدات,Heptathlon,Women,,2,1.45,,,,,,,Official,KSA,GCC API,https://gccgames.qa/frontend/sport/athletics/COM-2026-0077,2,2
Sarah Alhilal,Athletics,2026-05-14,4th GCC Games Doha 2026,GCC Games,,Women’s High Jump,الوثب العالي سيدات,Heptathlon,Women,,3,1.39,,,,,,,Official,KSA,GCC API,https://gccgames.qa/frontend/sport/athletics/COM-2026-0077,3,3
Sarah Alhilal,Athletics,2026-05-14,4th GCC Games Doha 2026,GCC Games,,Women’s Shot Put,دفع الجلة سيدات,Heptathlon,Women,,3,8.71,,,,,,,Official,KSA,GCC API,https://gccgames.qa/frontend/sport/athletics/COM-2026-0716,3,3
Mariam Almatar,Athletics,2026-05-14,4th GCC Games Doha 2026,GCC Games,,Women’s Shot Put,دفع الجلة سيدات,Heptathlon,Women,,2,9.59,,,,,,,Official,KSA,GCC API,https://gccgames.qa/frontend/sport/athletics/COM-2026-0716,2,2
Hussain Alhizam,Athletics,2026-05-14,4th GCC Games Doha 2026,GCC Games,,Men’s Pole Vault,القفز بالزانة رجال,Final,Men,,2,5.50,S,,,,,,Official,KSA,GCC API,https://gccgames.qa/frontend/sport/athletics/COM-2026-0717,2,2
Mohammed Alqudaihi,Athletics,2026-05-14,4th GCC Games Doha 2026,GCC Games,,Men’s Pole Vault,القفز بالزانة رجال,Final,Men,,3,5,B,,,,,,Official,KSA,GCC API,https://gccgames.qa/frontend/sport/athletics/COM-2026-0717,3,3
Ahmed Altaruti,Athletics,2026-05-14,4th GCC Games Doha 2026,GCC Games,,Men’s High Jump,الوثب العالي رجال,Final,Men,,3,2.09,B,,,,,,Official,KSA,GCC API,https://gccgames.qa/frontend/sport/athletics/COM-2026-0722,3,3
Faisal Maghrabi,Athletics,2026-05-14,4th GCC Games Doha 2026,GCC Games,,Men’s 800 Metres,800 متر رجال,Final,Men,,4,1:49.22,,,,,,,Official,KSA,GCC API,https://gccgames.qa/frontend/sport/athletics/COM-2026-0723,4,4
Musaad Alsubaie,Athletics,2026-05-14,4th GCC Games Doha 2026,GCC Games,,Men’s 800 Metres,800 متر رجال,Final,Men,,5,1:49.71,,,,,,,Official,KSA,GCC API,https://gccgames.qa/frontend/sport/athletics/COM-2026-0723,5,5
Mohammed Tolu,Athletics,2026-05-14,4th GCC Games Doha 2026,GCC Games,,Men’s Shot Put,دفع الجلة رجال,Final,Men,,1,19.21,G,,,,,,Official,KSA,GCC API,https://gccgames.qa/frontend/sport/athletics/COM-2026-0724,1,1
Sarah Alhilal,Athletics,2026-05-14,4th GCC Games Doha 2026,GCC Games,,Women’s 200 Metres,200 متر سيدات,Heptathlon,Women,,2,27.22,,,,,,,Official,KSA,GCC API,https://gccgames.qa/frontend/sport/athletics/COM-2026-0726,2,2
Mariam Almatar,Athletics,2026-05-14,4th GCC Games Doha 2026,GCC Games,,Women’s 200 Metres,200 متر سيدات,Heptathlon,Women,,3,28.95,,,,,,,Official,KSA,GCC API,https://gccgames.qa/frontend/sport/athletics/COM-2026-0726,3,3
Hebah Omar,Athletics,2026-05-14,4th GCC Games Doha 2026,GCC Games,,Women’s 100 Metres,100 متر سيدات,Final,Women,,4,11.97,,,,,,,Official,KSA,GCC API,https://gccgames.qa/frontend/sport/athletics/COM-2026-0727,4,4
Lujain Alhumaid,Athletics,2026-05-14,4th GCC Games Doha 2026,GCC Games,,Women’s 100 Metres,100 متر سيدات,Final,Women,,,,,,,,,,Official,KSA,GCC API,https://gccgames.qa/frontend/sport/athletics/COM-2026-0727,,F
Abdullah Mohammed,Athletics,2026-05-14,4th GCC Games Doha 2026,GCC Games,,Men’s 100 Metres,100 متر رجال,Final,Men,,6,10.54,,,,,,,Official,KSA,GCC API,https://gccgames.qa/frontend/sport/athletics/COM-2026-0728,6,6
Abdulaziz Atafi,Athletics,2026-05-14,4th GCC Games Doha 2026,GCC Games,,Men’s 100 Metres,100 متر رجال,Final,Men,,3,10.37,B,,,,,,Official,KSA,GCC API,https://gccgames.qa/frontend/sport/athletics/COM-2026-0728,3,3
Sarah Alhilal,Athletics,2026-05-15,4th GCC Games Doha 2026,GCC Games,,Women’s Long Jump,الوثب الطويل سيدات,Heptathlon,Women,,2,5.02,,,,,,,Official,KSA,GCC API,https://gccgames.qa/frontend/sport/athletics/COM-2026-0789,2,2
Mariam Almatar,Athletics,2026-05-15,4th GCC Games Doha 2026,GCC Games,,Women’s Long Jump,الوثب الطويل سيدات,Heptathlon,Women,,3,4.84,,,,,,,Official,KSA,GCC API,https://gccgames.qa/frontend/sport/athletics/COM-2026-0789,3,3
Mariam Almatar,Athletics,2026-05-15,4th GCC Games Doha 2026,GCC Games,,Women’s Javelin Throw,رمي الرمح سيدات,Heptathlon,Women,,3,24.52,,,,,,,Official,KSA,GCC API,https://gccgames.qa/frontend/sport/athletics/COM-2026-0730,3,3
Sarah Alhilal,Athletics,2026-05-15,4th GCC Games Doha 2026,GCC Games,,Women’s Javelin Throw,رمي الرمح سيدات,Heptathlon,Women,,2,24.58,,,,,,,Official,KSA,GCC API,https://gccgames.qa/frontend/sport/athletics/COM-2026-0730,2,2
Mohammed Aldubaisi,Athletics,2026-05-15,4th GCC Games Doha 2026,GCC Games,,Men’s Hammer Throw,رمي المطرقة رجال,Final,Men,,2,69.36,S,,,,,,Official,KSA,GCC API,https://gccgames.qa/frontend/sport/athletics/COM-2026-0732,2,2
Sami Bakheet,Athletics,2026-05-15,4th GCC Games Doha 2026,GCC Games,,Men’s Long Jump,الوثب الطويل رجال,Final,Men,,3,0,,,,,,,Official,KSA,GCC API,https://gccgames.qa/frontend/sport/athletics/COM-2026-0733,3,3
Ahmed Altaruti,Athletics,2026-05-15,4th GCC Games Doha 2026,GCC Games,,Men’s Long Jump,الوثب الطويل رجال,Final,Men,,1,7.45,G,,,,,,Official,KSA,GCC API,https://gccgames.qa/frontend/sport/athletics/COM-2026-0733,1,1
Ali Abdelghani,Athletics,2026-05-15,4th GCC Games Doha 2026,GCC Games,,Men’s Javelin Throw,رمي الرمح رجال,Final,Men,,1,72.04,G,,,,,,Official,KSA,GCC API,https://gccgames.qa/frontend/sport/athletics/COM-2026-0737,1,1
Mariam Almatar,Athletics,2026-05-15,4th GCC Games Doha 2026,GCC Games,,Women’s 800 Metres,800 متر سيدات,Heptathlon,Women,,2,2:38.23,,,,,,,Official,KSA,GCC API,https://gccgames.qa/frontend/sport/athletics/COM-2026-0738,2,2
Sarah Alhilal,Athletics,2026-05-15,4th GCC Games Doha 2026,GCC Games,,Women’s 800 Metres,800 متر سيدات,Heptathlon,Women,,1,2:27.63,,,,,,,Official,KSA,GCC API,https://gccgames.qa/frontend/sport/athletics/COM-2026-0738,1,1
Sarah Alhilal,Athletics,2026-05-15,4th GCC Games Doha 2026,GCC Games,,HEPTATHLON WOMEN (Combined),سباعي السيدات (مجمع),Final,Women,,1,4067,G,,,,,,Official,KSA,GCC API,https://gccgames.qa/frontend/sport/athletics/COM-2026-0790,1,1
Mariam Almatar,Athletics,2026-05-15,4th GCC Games Doha 2026,GCC Games,,HEPTATHLON WOMEN (Combined),سباعي السيدات (مجمع),Final,Women,,3,3721,B,,,,,,Official,KSA,GCC API,https://gccgames.qa/frontend/sport/athletics/COM-2026-0790,3,3
Saudi Arabia (Team),Athletics,2026-05-15,4th GCC Games Doha 2026,GCC Games,,Women’s 4x100 Metres Relay,4×100 متر تتابع سيدات,Final,Women,,4,55.97,,,,,,,Official,KSA,GCC API,https://gccgames.qa/frontend/sport/athletics/COM-2026-0740,4,4
Muhsin Aldabboos,Athletics,2026-05-16,4th GCC Games Doha 2026,GCC Games,,Men’s 100 Metres,100 متر رجال,Decathlon,Men,,1,11.04,,,,,,,Scheduled,KSA,GCC API,https://gccgames.qa/frontend/sport/athletics/COM-2026-0741,1,1
Ali Beedh,Athletics,2026-05-16,4th GCC Games Doha 2026,GCC Games,,Men’s 100 Metres,100 متر رجال,Decathlon,Men,,2,11.24,,,,,,,Scheduled,KSA,GCC API,https://gccgames.qa/frontend/sport/athletics/COM-2026-0741,2,2
Ali Beedh,Athletics,2026-05-16,4th GCC Games Doha 2026,GCC Games,,Men’s Long Jump,الوثب الطويل رجال,Decathlon,Men,,1,7.04,,,,,,,Scheduled,KSA,GCC API,https://gccgames.qa/frontend/sport/athletics/COM-2026-0742,1,1
Muhsin Aldabboos,Athletics,2026-05-16,4th GCC Games Doha 2026,GCC Games,,Men’s Long Jump,الوثب الطويل رجال,Decathlon,Men,,2,6.99,,,,,,,Scheduled,KSA,GCC API,https://gccgames.qa/frontend/sport/athletics/COM-2026-0742,2,2
Ali Beedh,Athletics,2026-05-16,4th GCC Games Doha 2026,GCC Games,,Men’s Shot Put,دفع الجلة رجال,Decathlon,Men,,1,13.21,,,,,,,Scheduled,KSA,GCC API,https://gccgames.qa/frontend/sport/athletics/COM-2026-0743,1,1
Ali Beedh,Athletics,2026-05-16,4th GCC Games Doha 2026,GCC Games,,Men’s High Jump,الوثب العالي رجال,Decathlon,Men,,1,1.79,,,,,,,Scheduled,KSA,GCC API,https://gccgames.qa/frontend/sport/athletics/COM-2026-0744,1,1
Muhsin Aldabboos,Athletics,2026-05-16,4th GCC Games Doha 2026,GCC Games,,Men’s High Jump,الوثب العالي رجال,Decathlon,Men,,3,1.73,,,,,,,Scheduled,KSA,GCC API,https://gccgames.qa/frontend/sport/athletics/COM-2026-0744,3,3
Saudi Arabia (Team),Basketball 3x3,2026-05-12,4th GCC Games Doha 2026,GCC Games,,Women’s Pool B Game 1,سيدات - مباراة المجموعة B المباراة 1,Pool B,Women,,,19.0,,,,,,Regular Time:19 | Overtime:0,Official,KSA,GCC API,https://gccgames.qa/frontend/sport/basketball-3x3/COM-2026-0471,,
Saudi Arabia (Team),Basketball 3x3,2026-05-12,4th GCC Games Doha 2026,GCC Games,,Men’s Pool A Game 2,رجال - مباراة المجموعة A المباراة 2,Pool A,Men,,,22.0,,,,,,Regular Time:22 | Overtime:0,Official,KSA,GCC API,https://gccgames.qa/frontend/sport/basketball-3x3/COM-2026-0472,,
Saudi Arabia (Team),Basketball 3x3,2026-05-12,4th GCC Games Doha 2026,GCC Games,,Men’s Pool A Game,رجال - مباراة المجموعة A,Pool A,Men,,,13.0,,,,,,Regular Time:13 | Overtime:0,Official,KSA,GCC API,https://gccgames.qa/frontend/sport/basketball-3x3/COM-2026-0474,,
Saudi Arabia (Team),Basketball 3x3,2026-05-12,4th GCC Games Doha 2026,GCC Games,,Men’s Pool A Game 3,رجال - مباراة المجموعة A المباراة 3,Pool A,Men,,,13.0,,,,,,Regular Time:13 | Overtime:0,Official,KSA,GCC API,https://gccgames.qa/frontend/sport/basketball-3x3/COM-2026-0478,,
Saudi Arabia (Team),Basketball 3x3,2026-05-12,4th GCC Games Doha 2026,GCC Games,,Women’s Pool B Game 3,سيدات - مباراة المجموعة B المباراة 3,Pool B,Women,,,12.0,,,,,,Regular Time:12 | Overtime:0,Official,KSA,GCC API,https://gccgames.qa/frontend/sport/basketball-3x3/COM-2026-0481,,
Saudi Arabia (Team),Basketball 3x3,2026-05-13,4th GCC Games Doha 2026,GCC Games,,Men’s Pool A Game 8,رجال - مباراة المجموعة A المباراة 8,Pool A,Men,,,12.0,,,,,,Regular Time:12 | Overtime:0,Official,KSA,GCC API,https://gccgames.qa/frontend/sport/basketball-3x3/COM-2026-0484,,
Saudi Arabia (Team),Basketball 3x3,2026-05-13,4th GCC Games Doha 2026,GCC Games,,Women’s Semi-Final Game 1,سيدات - نصف النهائي  مباراة 1,Semi-Final,Women,,,18.0,,,,,,Regular Time:18 | Overtime:0,Official,KSA,GCC API,https://gccgames.qa/frontend/sport/basketball-3x3/COM-2026-0486,,SF
Saudi Arabia (Team),Basketball 3x3,2026-05-13,4th GCC Games Doha 2026,GCC Games,,Men’s Semi-Final Game 1,رجال - نصف النهائي مباراة 1,Semi-Final,Men,,,11.0,,,,,,Regular Time:11 | Overtime:0,Official,KSA,GCC API,https://gccgames.qa/frontend/sport/basketball-3x3/COM-2026-0488,,SF
Saudi Arabia (Team),Basketball 3x3,2026-05-13,4th GCC Games Doha 2026,GCC Games,,Men’s Bronze Medal Game,رجال - مباراة الميدالية البرونزية,Bronze Medal Game,Men,,,13.0,,,,,,Regular Time:13 | Overtime:0,Official,KSA,GCC API,https://gccgames.qa/frontend/sport/basketball-3x3/COM-2026-0491,,
Saudi Arabia (Team),Basketball 3x3,2026-05-13,4th GCC Games Doha 2026,GCC Games,,Women’s Final,سيدات - النهائي,Final,Women,,,17.0,,,,,,Regular Time:17 | Overtime:0,Official,KSA,GCC API,https://gccgames.qa/frontend/sport/basketball-3x3/COM-2026-0492,,F
Abdulaziz Alamoudi,Billiards,2026-05-12,4th GCC Games Doha 2026,GCC Games,,Men’s 10-Ball Singles Match No 2,كرات فردي رجال 10   مباراة رقم 2,Qualification,Men,,,5.0,,,,,,,Official,KSA,GCC API,https://gccgames.qa/frontend/sport/billiards/COM-2026-0190,,Q
Mohammed Baabad,Billiards,2026-05-12,4th GCC Games Doha 2026,GCC Games,,Men’s 10-Ball Singles Match No 12,12 كرات فردي رجال 10 مباراة رقم,Qualification,Men,,,7.0,,,,,,,Official,KSA,GCC API,https://gccgames.qa/frontend/sport/billiards/COM-2026-0194,,Q
Abdulaziz Alamoudi,Billiards,2026-05-12,4th GCC Games Doha 2026,GCC Games,,Men’s 10-Ball Singles Match No 17,17 كرات فردي رجال 10 مباراة رقم,Qualification,Men,,,3.0,,,,,,,Official,KSA,GCC API,https://gccgames.qa/frontend/sport/billiards/COM-2026-0196,,Q
Mohammed Baabad,Billiards,2026-05-12,4th GCC Games Doha 2026,GCC Games,,Men’s 10-Ball Singles Match No 22,22 كرات فردي رجال 10 مباراة رقم,Qualification,Men,,,7.0,,,,,,,Official,KSA,GCC API,https://gccgames.qa/frontend/sport/billiards/COM-2026-0199,,Q
Mohammed Baabad,Billiards,2026-05-13,4th GCC Games Doha 2026,GCC Games,,Men’s 10-Ball Singles Semi-final,كرات فردي رجال 10 النصف النهائي,Semi Final,Men,,,5.0,,,,,,,Official,KSA,GCC API,https://gccgames.qa/frontend/sport/billiards/COM-2026-0209,,SF
Mohammed Baabad,Billiards,2026-05-13,4th GCC Games Doha 2026,GCC Games,,Men’s 10-Ball Singles Final,كرات فردي رجال 10 النهائي,Final,Men,,1,7.0,G,,,,,,Official,KSA,GCC API,https://gccgames.qa/frontend/sport/billiards/COM-2026-0210,1,1
Saudi Arabia (Team),Billiards,2026-05-13,4th GCC Games Doha 2026,GCC Games,,Men’s 10-Ball Doubles Match No 6,6 كرات زوجي رجال 10 مباراة رقم,Qualification,Men,,,,,,,,,,Official,KSA,GCC API,https://gccgames.qa/frontend/sport/billiards/COM-2026-0213,,
Team A SAUDI ARABIA  Mohammed Babaad Abdulaziz Alamoudi,Billiards,2026-05-14,4th GCC Games Doha 2026,GCC Games,,Men’s 10-Ball Doubles Semi-final,كرات زوجي رجال 10 النصف النهائي,Semi Final,Men,,4,4.0,B,,,,,,Official,KSA,GCC API,https://gccgames.qa/frontend/sport/billiards/COM-2026-0217,4,3
Abdulaziz Alamoudi,Billiards,2026-05-14,4th GCC Games Doha 2026,GCC Games,,Men’s 9-Ball Singles Match No 7,7 كرات فردي رجال 9 مباراة رقم,Qualification,Men,,,7.0,,,,,,,Official,KSA,GCC API,https://gccgames.qa/frontend/sport/billiards/COM-2026-0221,,Q
Mohammed Baabad,Billiards,2026-05-14,4th GCC Games Doha 2026,GCC Games,,Men’s 9-Ball Singles Match No 10,10 كرات فردي رجال 9 مباراة رقم,Qualification,Men,,,4.0,,,,,,,Official,KSA,GCC API,https://gccgames.qa/frontend/sport/billiards/COM-2026-0223,,Q
Abdulaziz Alamoudi,Billiards,2026-05-14,4th GCC Games Doha 2026,GCC Games,,Men’s 9-Ball Singles Match No 20,20 كرات فردي رجال 9 مباراة رقم,Qualification,Men,,,7.0,,,,,,,Official,KSA,GCC API,https://gccgames.qa/frontend/sport/billiards/COM-2026-0227,,Q
Mohammed Baabad,Billiards,2026-05-15,4th GCC Games Doha 2026,GCC Games,,Men’s 9-Ball Singles Match No 24,24 كرات فردي رجال 9 مباراة رقم,Qualification,Men,,,3.0,,,,,,,Official,KSA,GCC API,https://gccgames.qa/frontend/sport/billiards/COM-2026-0233,,Q
Abdulrahman Alkheliwi,Bowling,2026-05-12,4th GCC Games Doha 2026,GCC Games,,Men Singles,فردي رجال,Final,Men,,1,1295.0,G,,,,,,Official,KSA,GCC API,https://gccgames.qa/frontend/sport/bowling/COM-2026-0589,1,1
Ahmed Abualreesh,Bowling,2026-05-12,4th GCC Games Doha 2026,GCC Games,,Men Singles,فردي رجال,Final,Men,,7,1202.0,,,,,,,Official,KSA,GCC API,https://gccgames.qa/frontend/sport/bowling/COM-2026-0589,7,7
Bandar Alyabah,Bowling,2026-05-12,4th GCC Games Doha 2026,GCC Games,,Men Singles,فردي رجال,Final,Men,,10,1197.0,,,,,,,Official,KSA,GCC API,https://gccgames.qa/frontend/sport/bowling/COM-2026-0589,10,10
Ziyad Altuwaireb,Bowling,2026-05-12,4th GCC Games Doha 2026,GCC Games,,Men Singles,فردي رجال,Final,Men,,12,1190.0,,,,,,,Official,KSA,GCC API,https://gccgames.qa/frontend/sport/bowling/COM-2026-0589,12,12
Abdulmajeed Alaslani,Bowling,2026-05-12,4th GCC Games Doha 2026,GCC Games,,Men Singles,فردي رجال,Final,Men,,22,1083.0,,,,,,,Official,KSA,GCC API,https://gccgames.qa/frontend/sport/bowling/COM-2026-0589,22,22
Mohammed Alsaud,Bowling,2026-05-12,4th GCC Games Doha 2026,GCC Games,,Men Singles,فردي رجال,Final,Men,,25,998.0,,,,,,,Official,KSA,GCC API,https://gccgames.qa/frontend/sport/bowling/COM-2026-0589,25,25
Saudi Arabia (Team),Bowling,2026-05-13,4th GCC Games Doha 2026,GCC Games,,Men Doubles,زوجي رجال,Final,Men,,,,,,,,,,Official,KSA,GCC API,https://gccgames.qa/frontend/sport/bowling/COM-2026-0713,,F
Saudi Arabia (Team),Bowling,2026-05-14,4th GCC Games Doha 2026,GCC Games,,Men Trio,ثلاثي رجال,Final,Men,,,,,,,,,,Official,KSA,GCC API,https://gccgames.qa/frontend/sport/bowling/COM-2026-0769,,F
Saudi Arabia (Team),Bowling,2026-05-15,4th GCC Games Doha 2026,GCC Games,,Men Team,الفرق رجال,Qualification,Men,,,,,,,,,,Official,KSA,GCC API,https://gccgames.qa/frontend/sport/bowling/COM-2026-0788,,
Saudi Arabia (Team),Bowling,2026-05-16,4th GCC Games Doha 2026,GCC Games,,"Men Team Final (Game 3, Game 4, Game 6)",نهائي الفرق رجال,Final,Men,,,,,,,,,,Scheduled,KSA,GCC API,https://gccgames.qa/frontend/sport/bowling/COM-2026-0815,,F
Ziad Majrashi,Boxing,2026-05-13,4th GCC Games Doha 2026,GCC Games,,Men’s 60 kg,60 كجم رجال,Semifinals,Men,,,5.0,,,,,,,Official,KSA,GCC API,https://gccgames.qa/frontend/sport/boxing/COM-2026-0157,,SF
Abdullah Darkazanli,Boxing,2026-05-13,4th GCC Games Doha 2026,GCC Games,,Men’s 75 kg,75 كجم رجال,Semifinals,Men,,,1.0,B,,,,,,Official,KSA,GCC API,https://gccgames.qa/frontend/sport/boxing/COM-2026-0158,,3
Aly Abdalla,Boxing,2026-05-13,4th GCC Games Doha 2026,GCC Games,,Men’s 75 kg,75 كجم رجال,Semifinals,Men,,,,,,,,,,Official,KSA,GCC API,https://gccgames.qa/frontend/sport/boxing/COM-2026-0159,,SF
Abdelrahman Sadek,Boxing,2026-05-13,4th GCC Games Doha 2026,GCC Games,,Men’s 80 kg,80 كجم رجال,Semifinals,Men,,,1.0,,,,,,,Official,KSA,GCC API,https://gccgames.qa/frontend/sport/boxing/COM-2026-0160,,SF
Muhannad Majrashi,Boxing,2026-05-14,4th GCC Games Doha 2026,GCC Games,,Men’s 55 kg,55 كجم رجال,Final,Men,,,4.0,G,,,,,,Official,KSA,GCC API,https://gccgames.qa/frontend/sport/boxing/COM-2026-0162,,1
Ziad Majrashi,Boxing,2026-05-14,4th GCC Games Doha 2026,GCC Games,,Men’s 60 kg,60 كجم رجال,Final,Men,,,4.0,G,,,,,,Official,KSA,GCC API,https://gccgames.qa/frontend/sport/boxing/COM-2026-0163,,1
Abdelrahman Sadek,Boxing,2026-05-14,4th GCC Games Doha 2026,GCC Games,,Men’s 80 kg,80 كجم رجال,Final,Men,,,5.0,G,,,,,,Official,KSA,GCC API,https://gccgames.qa/frontend/sport/boxing/COM-2026-0165,,1
Saudi Arabia (Team),Equestrian,2026-05-13,4th GCC Games Doha 2026,GCC Games,,Team Show Jumping,قفز الحواجز فرق,Qualification,Mixed,,,,,,,,,,Official,KSA,GCC API,https://gccgames.qa/frontend/sport/equestrian/COM-2026-0088,,
Nada Abed,Fencing,2026-05-13,4th GCC Games Doha 2026,GCC Games,,Women's Épée Final Results,الايبيه نساء النتائج النهائية,Standing,Women,,,3.0,B,,,,,,Official,KSA,GCC API,https://gccgames.qa/frontend/sport/fencing/COM-2026-0714,,3
Aljawharah Almarri,Fencing,2026-05-14,4th GCC Games Doha 2026,GCC Games,,Women's Foil Final Results,فلوريه سيدات النتائج النهائية,Standing,Women,,,7.0,,,,,,,Official,KSA,GCC API,https://gccgames.qa/frontend/sport/fencing/COM-2026-0771,,
Lameed Almarri,Fencing,2026-05-14,4th GCC Games Doha 2026,GCC Games,,Women's Foil Final Results,فلوريه سيدات النتائج النهائية,Standing,Women,,,5.0,,,,,,,Official,KSA,GCC API,https://gccgames.qa/frontend/sport/fencing/COM-2026-0771,,
Basma Alrashid,Fencing,2026-05-14,4th GCC Games Doha 2026,GCC Games,,Women's Foil Final Results,فلوريه سيدات النتائج النهائية,Standing,Women,,,4.0,,,,,,,Official,KSA,GCC API,https://gccgames.qa/frontend/sport/fencing/COM-2026-0771,,
Ghala Alduhaim,Fencing,2026-05-14,4th GCC Games Doha 2026,GCC Games,,Women's Foil Final Results,فلوريه سيدات النتائج النهائية,Standing,Women,,,3.0,B,,,,,,Official,KSA,GCC API,https://gccgames.qa/frontend/sport/fencing/COM-2026-0771,,3
Omar Alakkas,Fencing,2026-05-14,4th GCC Games Doha 2026,GCC Games,,Men's Épée Final Results,الايبيه رجال النتائج النهائية,Final,Men,,,1.0,G,,,,,,Official,KSA,GCC API,https://gccgames.qa/frontend/sport/fencing/COM-2026-0770,,1
Khalifah Alomairi,Fencing,2026-05-14,4th GCC Games Doha 2026,GCC Games,,Men's Épée Final Results,الايبيه رجال النتائج النهائية,Final,Men,,,2.0,S,,,,,,Official,KSA,GCC API,https://gccgames.qa/frontend/sport/fencing/COM-2026-0770,,2
Jawad Aldawood,Fencing,2026-05-14,4th GCC Games Doha 2026,GCC Games,,Men's Épée Final Results,الايبيه رجال النتائج النهائية,Final,Men,,,7.0,,,,,,,Official,KSA,GCC API,https://gccgames.qa/frontend/sport/fencing/COM-2026-0770,,F
Hassan Abed,Fencing,2026-05-14,4th GCC Games Doha 2026,GCC Games,,Men's Épée Final Results,الايبيه رجال النتائج النهائية,Final,Men,,,5.0,,,,,,,Official,KSA,GCC API,https://gccgames.qa/frontend/sport/fencing/COM-2026-0770,,F
Saudi Arabia (Team),Fencing,2026-05-15,4th GCC Games Doha 2026,GCC Games,,Women's Foil Final,فلوريه سيدات النهائي,Final,Women,,,2.0,S,,,,,,Official,KSA,GCC API,https://gccgames.qa/frontend/sport/fencing/COM-2026-0775,,2
Saudi Arabia (Team),Fencing,2026-05-15,4th GCC Games Doha 2026,GCC Games,,Men's Épée Final,إيبيه رجال النهائي,Final,Men,,,1.0,G,,,,,,Official,KSA,GCC API,https://gccgames.qa/frontend/sport/fencing/COM-2026-0779,,1
Saudi Arabia (Team),Fencing,2026-05-15,4th GCC Games Doha 2026,GCC Games,,Women's Épée Final,إيبيه سيدات النهائي,Final,Women,,,3.0,B,,,,,,Official,KSA,GCC API,https://gccgames.qa/frontend/sport/fencing/COM-2026-0787,,3
Saudi Arabia (Team),Handball,2026-05-16,4th GCC Games Doha 2026,GCC Games,,Men’s Qualification Match 3,كرة اليد رجال - مباراة التصفيات 3,Qualification,Men,,,34.0,,,,,,,Scheduled,KSA,GCC API,https://gccgames.qa/frontend/sport/handball/COM-2026-0517,,Q
Saudi Arabia (Team),Handball,2026-05-18,4th GCC Games Doha 2026,GCC Games,,Men’s Qualification Match 6,كرة اليد رجال - مباراة التصفيات 6,Qualification,Men,,,,,,,,,,Scheduled,KSA,GCC API,https://gccgames.qa/frontend/sport/handball/COM-2026-0520,,
Saudi Arabia (Team),Handball,2026-05-19,4th GCC Games Doha 2026,GCC Games,,Men’s Qualification Match 7,كرة اليد رجال - مباراة التصفيات 7,Qualification,Men,,,,,,,,,,Scheduled,KSA,GCC API,https://gccgames.qa/frontend/sport/handball/COM-2026-0521,,
Saudi Arabia (Team),Handball,2026-05-22,4th GCC Games Doha 2026,GCC Games,,Men’s Qualification Match 10,كرة اليد رجال - مباراة التصفيات 10,Qualification,Men,,,,,,,,,,Scheduled,KSA,GCC API,https://gccgames.qa/frontend/sport/handball/COM-2026-0524,,
Saudi Arabia (Team),Padel,2026-05-16,4th GCC Games Doha 2026,GCC Games,,Men's Team Match 2,مباراة الفرق رجال 2,Round Robin,Men,,,0,,,,,,,Official,KSA,GCC API,https://gccgames.qa/frontend/sport/padel/COM-2026-0796,,
Saudi Arabia (Team),Padel,2026-05-17,4th GCC Games Doha 2026,GCC Games,,Women's Team Match 3,مباراة الفرق سيدات 3,Round Robin,Women,,,,,,,,,,Scheduled,KSA,GCC API,https://gccgames.qa/frontend/sport/padel/COM-2026-0797,,
Saudi Arabia (Team),Padel,2026-05-17,4th GCC Games Doha 2026,GCC Games,,Men's Team Match 3,مباراة الفرق رجال 3,Round Robin,Men,,,,,,,,,,Scheduled,KSA,GCC API,https://gccgames.qa/frontend/sport/padel/COM-2026-0799,,
Saudi Arabia (Team),Padel,2026-05-18,4th GCC Games Doha 2026,GCC Games,,Women's Team Match 5,مباراة الفرق سيدات 5,Round Robin,Women,,,,,,,,,,Scheduled,KSA,GCC API,https://gccgames.qa/frontend/sport/padel/COM-2026-0801,,
Saudi Arabia (Team),Padel,2026-05-18,4th GCC Games Doha 2026,GCC Games,,Men's Team Match 5,مباراة الفرق رجال 5,Round Robin,Men,,,,,,,,,,Scheduled,KSA,GCC API,https://gccgames.qa/frontend/sport/padel/COM-2026-0803,,
Saudi Arabia (Team),Padel,2026-05-19,4th GCC Games Doha 2026,GCC Games,,Women's Team Match 8,مباراة الفرق سيدات 8,Round Robin,Women,,,,,,,,,,Scheduled,KSA,GCC API,https://gccgames.qa/frontend/sport/padel/COM-2026-0806,,
Saudi Arabia (Team),Padel,2026-05-20,4th GCC Games Doha 2026,GCC Games,,Women's Team Match 10,مباراة الفرق سيدات 10,Round Robin,Women,,,,,,,,,,Scheduled,KSA,GCC API,https://gccgames.qa/frontend/sport/padel/COM-2026-0810,,
Saudi Arabia (Team),Padel,2026-05-20,4th GCC Games Doha 2026,GCC Games,,Men's Team Match 9,مباراة الفرق رجال 9,Round Robin,Men,,,,,,,,,,Scheduled,KSA,GCC API,https://gccgames.qa/frontend/sport/padel/COM-2026-0811,,
Saud Alsaud,Shooting,2026-05-14,4th GCC Games Doha 2026,GCC Games,,Men’s Skeet 75 Targets Qualification,سكيت 75 طبق فردي رجال - تمهيدي,Qualification,Men,,6,72.0,,,,,,,Official,KSA,GCC API,https://gccgames.qa/frontend/sport/shooting/COM-2026-0445,6,6
Naif Almutairi,Shooting,2026-05-14,4th GCC Games Doha 2026,GCC Games,,Men’s Skeet 75 Targets Qualification,سكيت 75 طبق فردي رجال - تمهيدي,Qualification,Men,,8,70.0,,,,,,,Official,KSA,GCC API,https://gccgames.qa/frontend/sport/shooting/COM-2026-0445,8,8
Hatim Alshammari,Shooting,2026-05-14,4th GCC Games Doha 2026,GCC Games,,Men’s Skeet 75 Targets Qualification,سكيت 75 طبق فردي رجال - تمهيدي,Qualification,Men,,13,68.0,,,,,,,Official,KSA,GCC API,https://gccgames.qa/frontend/sport/shooting/COM-2026-0445,13,13
Saeid Almutairi,Shooting,2026-05-14,4th GCC Games Doha 2026,GCC Games,,Men’s Skeet 75 Targets Qualification,سكيت 75 طبق فردي رجال - تمهيدي,Qualification,Men,,14,68.0,,,,,,,Official,KSA,GCC API,https://gccgames.qa/frontend/sport/shooting/COM-2026-0445,14,14
Fahad Alharbi,Shooting,2026-05-14,4th GCC Games Doha 2026,GCC Games,,Men’s Skeet 75 Targets Qualification,سكيت 75 طبق فردي رجال - تمهيدي,Qualification,Men,,16,64.0,,,,,,,Official,KSA,GCC API,https://gccgames.qa/frontend/sport/shooting/COM-2026-0445,16,16
Saudi Arabia (Team),Shooting,2026-05-14,4th GCC Games Doha 2026,GCC Games,,Skeet Men Team,Qualification Day 1 - 225 Targets - سكيت فرق رجال - المسابقة التأهيلية اليوم الأول - 225 طبق,Qualification,Men,,2,210.0,,,,,,,Official,KSA,GCC API,https://gccgames.qa/frontend/sport/shooting/COM-2026-0773,2,2
Saudi Arabia (Team),Shooting,2026-05-15,4th GCC Games Doha 2026,GCC Games,,Men’s 10m Air Rifle Team,البندقية 10م هوائي رجال - فرق,Qualification,Men,,1,1855.1,G,,,,,,Official,KSA,GCC API,https://gccgames.qa/frontend/sport/shooting/COM-2026-0457,1,1
Mesfer Alammari,Shooting,2026-05-15,4th GCC Games Doha 2026,GCC Games,,Men’s 10m Air Rifle Final,نهائي البندقية 10م هوائي رجال,Final,Men,,1,245.3,G,,,,,,Official,KSA,GCC API,https://gccgames.qa/frontend/sport/shooting/COM-2026-0459,1,1
Naif Almutairi,Shooting,2026-05-15,4th GCC Games Doha 2026,GCC Games,,Men Skeet Individual Final,نهائي سكيت فردي رجال,Final,Men,,3,27.0,B,,,,,,Official,KSA,GCC API,https://gccgames.qa/frontend/sport/shooting/COM-2026-0449,3,3
Saudi Arabia (Team),Shooting,2026-05-15,4th GCC Games Doha 2026,GCC Games,,Men’s Skeet Team,سكيت فرق رجال,Final,Men,,2,351.0,S,,,,,,Official,KSA,GCC API,https://gccgames.qa/frontend/sport/shooting/COM-2026-0448,2,2
Abdullah Alshammari,Snooker,2026-05-15,4th GCC Games Doha 2026,GCC Games,,Men’s 6-Red Singles,Match 2 - 6 كرات فردي رجال - المباراة الثانية,Qualification,Men,,,4.0,,,,,,,Official,KSA,GCC API,https://gccgames.qa/frontend/sport/snooker/COM-2026-0242,,Q
Ayman Alamri,Snooker,2026-05-15,4th GCC Games Doha 2026,GCC Games,,Men’s 6-Red Singles,Match 3 - 6 كرات فردي رجال - المباراة 3,Qualification,Men,,,1.0,,,,,,,Official,KSA,GCC API,https://gccgames.qa/frontend/sport/snooker/COM-2026-0243,,Q
Abdullah Alshammari,Snooker,2026-05-15,4th GCC Games Doha 2026,GCC Games,,Men’s 6-Red Singles,Match 10 - 6 كرات فردي رجال - المباراة 10,Qualification,Men,,,0,,,,,,,Official,KSA,GCC API,https://gccgames.qa/frontend/sport/snooker/COM-2026-0250,,Q
Ayman Alamri,Snooker,2026-05-15,4th GCC Games Doha 2026,GCC Games,,Men’s 6-Red Singles,Match 11 - 6 كرات فردي رجال - المباراة 11,Qualification,Men,,,4.0,,,,,,,Official,KSA,GCC API,https://gccgames.qa/frontend/sport/snooker/COM-2026-0251,,Q
Abdullah Alshammari,Snooker,2026-05-16,4th GCC Games Doha 2026,GCC Games,,Men’s 6-Red Singles,Quarter Final 1 - 6 كرات فردي رجال - ربع النهائي 1,Quarter Final,Men,,,3.0,,,,,,,Official,KSA,GCC API,https://gccgames.qa/frontend/sport/snooker/COM-2026-0818,,QF
Abdullah Alshammari,Snooker,2026-05-17,4th GCC Games Doha 2026,GCC Games,,Men’s Singles,Match 2 - فردي رجال - المباراة 2,Qualification,Men,,,,,,,,,,Scheduled,KSA,GCC API,https://gccgames.qa/frontend/sport/snooker/COM-2026-0261,,
Ziyad Alqabbani,Snooker,2026-05-17,4th GCC Games Doha 2026,GCC Games,,Men’s Singles,Match 3 - فردي رجال - المباراة 3,Qualification,Men,,,,,,,,,,Scheduled,KSA,GCC API,https://gccgames.qa/frontend/sport/snooker/COM-2026-0262,,
Abdullah Alshammari,Snooker,2026-05-17,4th GCC Games Doha 2026,GCC Games,,Men’s Singles,Match 6 - فردي رجال - المباراة 6,Qualification,Men,,,,,,,,,,Scheduled,KSA,GCC API,https://gccgames.qa/frontend/sport/snooker/COM-2026-0265,,
Ziyad Alqabbani,Snooker,2026-05-17,4th GCC Games Doha 2026,GCC Games,,Men’s Singles,Match 7 - فردي رجال - مباراة 7,Qualification,Men,,,,,,,,,,Scheduled,KSA,GCC API,https://gccgames.qa/frontend/sport/snooker/COM-2026-0266,,
Saudi Arabia (Team),Snooker,2026-05-18,4th GCC Games Doha 2026,GCC Games,,Men’s Team,Match 1 - فرق رجال - المباراة 1,Qualification,Men,,,,,,,,,,Scheduled,KSA,GCC API,https://gccgames.qa/frontend/sport/snooker/COM-2026-0279,,
Saudi Arabia (Team),Snooker,2026-05-18,4th GCC Games Doha 2026,GCC Games,,Men’s Team,Match 3 - فرق رجال - المباراة 3,Qualification,Men,,,,,,,,,,Scheduled,KSA,GCC API,https://gccgames.qa/frontend/sport/snooker/COM-2026-0281,,
Ghanem Alsulhi,Swimming,2026-05-12,4th GCC Games Doha 2026,GCC Games,,Men 800m Freestyle Heat 1,سباحة 800م حرة رجال - الجولة 1,Heats,Men,,,,,,,,,,Official,KSA,GCC API,https://gccgames.qa/frontend/sport/swimming/COM-2026-0494,,
Emad Alsibyani,Swimming,2026-05-12,4th GCC Games Doha 2026,GCC Games,,Men 200m Individual Medley Heat 1,سباحة 200م متنوع رجال- الجولة 1,Heats,Men,,,,,,,,,,Official,KSA,GCC API,https://gccgames.qa/frontend/sport/swimming/COM-2026-0495,,
Emad Addin  Zaben,Swimming,2026-05-12,4th GCC Games Doha 2026,GCC Games,,Men 50m Freestyle Heat 1,سباحة 50م حرة رجال - الجولة 1,Heats,Men,,,,,,,,,,Official,KSA,GCC API,https://gccgames.qa/frontend/sport/swimming/COM-2026-0496,,
Emad Addin  Zaben,Swimming,2026-05-12,4th GCC Games Doha 2026,GCC Games,,Men 50m Freestyle Heat 1,سباحة 50م حرة رجال - الجولة 1,Heats,Men,,1,22.64 R,G,,,,,,Official,KSA,GCC API,https://gccgames.qa/frontend/sport/swimming/COM-2026-0496,1,1
Ali Alessa,Swimming,2026-05-12,4th GCC Games Doha 2026,GCC Games,,Men 100m Backstroke Heat 1,سباحة 100م ظهر رجال - الجولة 1,Heats,Men,,1,57.39 R,G,,,,,,Official,KSA,GCC API,https://gccgames.qa/frontend/sport/swimming/COM-2026-0497,1,1
Ali Alabdlwahab,Swimming,2026-05-12,4th GCC Games Doha 2026,GCC Games,,Men 100m Backstroke Heat 1,سباحة 100م ظهر رجال - الجولة 1,Heats,Men,,3,1:00.22,B,,,,,,Official,KSA,GCC API,https://gccgames.qa/frontend/sport/swimming/COM-2026-0497,3,3
Ahmed  Almueibid,Swimming,2026-05-12,4th GCC Games Doha 2026,GCC Games,,Men 200م Butterfly Heat 1,سباحة 200م فراشة رجال - الجولة 1,Heats,Men,,,,,,,,,,Official,KSA,GCC API,https://gccgames.qa/frontend/sport/swimming/COM-2026-0498,,
Mohammed Alzaki,Swimming,2026-05-12,4th GCC Games Doha 2026,GCC Games,,Men 200م Butterfly Heat 1,سباحة 200م فراشة رجال - الجولة 1,Heats,Men,,2,2:07.36,S,,,,,,Official,KSA,GCC API,https://gccgames.qa/frontend/sport/swimming/COM-2026-0498,2,2
Ghanem Alsulhi,Swimming,2026-05-13,4th GCC Games Doha 2026,GCC Games,,Men 400m Freestyle Heat 1,سباحة 400م حرة رجال - الجولة 1,Heats,Men,,,,,,,,,,Official,KSA,GCC API,https://gccgames.qa/frontend/sport/swimming/COM-2026-0499,,
Ahmed  Almueibid,Swimming,2026-05-13,4th GCC Games Doha 2026,GCC Games,,Men 400m Freestyle Heat 1,سباحة 400م حرة رجال - الجولة 1,Heats,Men,,,,,,,,,,Official,KSA,GCC API,https://gccgames.qa/frontend/sport/swimming/COM-2026-0499,,
Mohammed Alotaibi,Swimming,2026-05-13,4th GCC Games Doha 2026,GCC Games,,Men 50m Breaststroke Heat 1,سباحة 50م صدر رجال - الجولة 1,Heats,Men,,2,29.32 R,S,,,,,,Official,KSA,GCC API,https://gccgames.qa/frontend/sport/swimming/COM-2026-0500,2,2
Emad  Alsibiani,Swimming,2026-05-13,4th GCC Games Doha 2026,GCC Games,,Men 50m Breaststroke Heat 1,سباحة 50م صدر رجال - الجولة 1,Heats,Men,,,,,,,,,,Official,KSA,GCC API,https://gccgames.qa/frontend/sport/swimming/COM-2026-0500,,
Emad Addin  Zaben,Swimming,2026-05-13,4th GCC Games Doha 2026,GCC Games,,Men 100m Freestyle Heat 1,سباحة 100م حرة رجال - الجولة 1,Heats,Men,,,,,,,,,,Official,KSA,GCC API,https://gccgames.qa/frontend/sport/swimming/COM-2026-0501,,
Mohammed Alzaki,Swimming,2026-05-13,4th GCC Games Doha 2026,GCC Games,,Men 100m Freestyle Heat 1,سباحة 100م حرة رجال - الجولة 1,Heats,Men,,4,52.34,,,,,,,Official,KSA,GCC API,https://gccgames.qa/frontend/sport/swimming/COM-2026-0501,4,4
Emad Addin  Zaben,Swimming,2026-05-13,4th GCC Games Doha 2026,GCC Games,,Men 100m Freestyle Heat 1,سباحة 100م حرة رجال - الجولة 1,Heats,Men,,2,50.58 R,S,,,,,,Official,KSA,GCC API,https://gccgames.qa/frontend/sport/swimming/COM-2026-0501,2,2
Ali Alessa,Swimming,2026-05-13,4th GCC Games Doha 2026,GCC Games,,Men 200m Backstroke Heat 1,سباحة 200م ظهر رجال - الجولة 1,Heats,Men,,2,2:7.88 R,S,,,,,,Official,KSA,GCC API,https://gccgames.qa/frontend/sport/swimming/COM-2026-0502,2,2
Ali Alabdlwahab,Swimming,2026-05-13,4th GCC Games Doha 2026,GCC Games,,Men 200m Backstroke Heat 1,سباحة 200م ظهر رجال - الجولة 1,Heats,Men,,,,,,,,,,Official,KSA,GCC API,https://gccgames.qa/frontend/sport/swimming/COM-2026-0502,,
Saudi Arabia (Team),Swimming,2026-05-13,4th GCC Games Doha 2026,GCC Games,,Men 400m Freestyle Relay Heat 1,تتابع 400م حرة رجال - الجولة 1,Heats,Men,,2,3:27.72 R,S,,,,,,Official,KSA,GCC API,https://gccgames.qa/frontend/sport/swimming/COM-2026-0503,2,2
Ahmed  Almueibid,Swimming,2026-05-14,4th GCC Games Doha 2026,GCC Games,,Men 400m Individual Medley Heat 1,سباحة 400م متنوع رجال - الجولة 1,Heats,Men,,,,,,,,,,Official,KSA,GCC API,https://gccgames.qa/frontend/sport/swimming/COM-2026-0504,,
Emad  Alsibiani,Swimming,2026-05-14,4th GCC Games Doha 2026,GCC Games,,Men 100m Breaststroke Heat 1,سباحة 100م صدر رجال - الجولة 1,Heats,Men,,,,,,,,,,Official,KSA,GCC API,https://gccgames.qa/frontend/sport/swimming/COM-2026-0505,,
Fahad Alawiglah,Swimming,2026-05-14,4th GCC Games Doha 2026,GCC Games,,Men 100m Breaststroke Heat 1,سباحة 100م صدر رجال - الجولة 1,Heats,Men,,,,,,,,,,Official,KSA,GCC API,https://gccgames.qa/frontend/sport/swimming/COM-2026-0505,,
Emad Alsibyani,Swimming,2026-05-14,4th GCC Games Doha 2026,GCC Games,,Men 100m Breaststroke Heat 1,سباحة 100م صدر رجال - الجولة 1,Heats,Men,,3,1:05.37,B,,,,,,Official,KSA,GCC API,https://gccgames.qa/frontend/sport/swimming/COM-2026-0505,3,3
Mohammed Alzaki,Swimming,2026-05-14,4th GCC Games Doha 2026,GCC Games,,Men 200m Freestyle Heat 1,سباحة 200م حرة رجال - الجولة 1,Heats,Men,,,,,,,,,,Official,KSA,GCC API,https://gccgames.qa/frontend/sport/swimming/COM-2026-0506,,
Ghanem Alsulhi,Swimming,2026-05-14,4th GCC Games Doha 2026,GCC Games,,Men 200m Freestyle Heat 1,سباحة 200م حرة رجال - الجولة 1,Heats,Men,,,,,,,,,,Official,KSA,GCC API,https://gccgames.qa/frontend/sport/swimming/COM-2026-0506,,
Mohammed Alotaibi,Swimming,2026-05-14,4th GCC Games Doha 2026,GCC Games,,Men 50m Butterfly Heat 2,سباحة 50م فراشة رجال- الجولة 2,Heats,Men,,3,24.80R,B,,,,,,Official,KSA,GCC API,https://gccgames.qa/frontend/sport/swimming/COM-2026-0508,3,3
Emad Addin  Zaben,Swimming,2026-05-14,4th GCC Games Doha 2026,GCC Games,,Men 50m Butterfly Heat 2,سباحة 50م فراشة رجال- الجولة 2,Heats,Men,,,,,,,,,,Official,KSA,GCC API,https://gccgames.qa/frontend/sport/swimming/COM-2026-0508,,
Saudi Arabia (Team),Swimming,2026-05-14,4th GCC Games Doha 2026,GCC Games,,Men 4*200m Freestyle Relay Heat 1,تتابع 4*200م حرة رجال - الجولة 1,Heats,Men,,,,,,,,,,Official,KSA,GCC API,https://gccgames.qa/frontend/sport/swimming/COM-2026-0509,,
Ghanem Alsulhi,Swimming,2026-05-15,4th GCC Games Doha 2026,GCC Games,,Men 1500m Freestyle Heat 1,سباحة 1500م حرة رجال- الجولة 1,Heats,Men,,,,,,,,,,Official,KSA,GCC API,https://gccgames.qa/frontend/sport/swimming/COM-2026-0510,,
Ahmed  Almueibid,Swimming,2026-05-15,4th GCC Games Doha 2026,GCC Games,,Men 1500m Freestyle Heat 1,سباحة 1500م حرة رجال- الجولة 1,Heats,Men,,,,,,,,,,Official,KSA,GCC API,https://gccgames.qa/frontend/sport/swimming/COM-2026-0510,,
Ali Alessa,Swimming,2026-05-15,4th GCC Games Doha 2026,GCC Games,,Men 50m Backstroke Heat 1,سباحة 50م ظهر رجال- الجولة 1,Heats,Men,,3,26.56 ٌ,B,,,,,,Official,KSA,GCC API,https://gccgames.qa/frontend/sport/swimming/COM-2026-0511,3,3
Ali Alabdlwahab,Swimming,2026-05-15,4th GCC Games Doha 2026,GCC Games,,Men 50m Backstroke Heat 1,سباحة 50م ظهر رجال- الجولة 1,Heats,Men,,,,,,,,,,Official,KSA,GCC API,https://gccgames.qa/frontend/sport/swimming/COM-2026-0511,,
Mohammed Alotaibi,Swimming,2026-05-15,4th GCC Games Doha 2026,GCC Games,,Men 100m Butterfly Heat 1,سباحة 100م فراشة رجال- الجولة 1,Heats,Men,,,,,,,,,,Official,KSA,GCC API,https://gccgames.qa/frontend/sport/swimming/COM-2026-0512,,
Mohammed Alzaki,Swimming,2026-05-15,4th GCC Games Doha 2026,GCC Games,,Men 100m Butterfly Heat 1,سباحة 100م فراشة رجال- الجولة 1,Heats,Men,,,,,,,,,,Official,KSA,GCC API,https://gccgames.qa/frontend/sport/swimming/COM-2026-0512,,
Fahad Alawiglah,Swimming,2026-05-15,4th GCC Games Doha 2026,GCC Games,,Men 200m Breaststroke Heat 1,سباحة 200م صدر رجال- الجولة 1,Heats,Men,,,,,,,,,,Official,KSA,GCC API,https://gccgames.qa/frontend/sport/swimming/COM-2026-0513,,
Emad  Alsibiani,Swimming,2026-05-15,4th GCC Games Doha 2026,GCC Games,,Men 200m Breaststroke Heat 1,سباحة 200م صدر رجال- الجولة 1,Heats,Men,,,,,,,,,,Official,KSA,GCC API,https://gccgames.qa/frontend/sport/swimming/COM-2026-0513,,
Saudi Arabia (Team),Swimming,2026-05-15,4th GCC Games Doha 2026,GCC Games,,Men 400m Medley Relay Heat 1,تتابع 400م متنوع رجال- الجولة 1,Heats,Men,,2,3:46.32 R,S,,,,,,Official,KSA,GCC API,https://gccgames.qa/frontend/sport/swimming/COM-2026-0514,2,2
Saudi Arabia (Team),Table Tennis,2026-05-12,4th GCC Games Doha 2026,GCC Games,,Men's Team R 1,رجال فرق الدور 1,Round 1,Men,,,3.0,,,,,,,Official,KSA,GCC API,https://gccgames.qa/frontend/sport/table-tennis/COM-2026-0553,,
Saudi Arabia (Team),Table Tennis,2026-05-13,4th GCC Games Doha 2026,GCC Games,,Men's Team R 3,رجال فرق الدور 3,Round 3,Men,,,3.0,,,,,,,Official,KSA,GCC API,https://gccgames.qa/frontend/sport/table-tennis/COM-2026-0556,,
Saudi Arabia (Team),Table Tennis,2026-05-13,4th GCC Games Doha 2026,GCC Games,,Men Team Final Ranking,فرق الرجال الترتيب العام,Ranking,Men,,,6.0,,,,,,,Official,KSA,GCC API,https://gccgames.qa/frontend/sport/table-tennis/COM-2026-0712,,
Saudi Arabia (Team),Table Tennis,2026-05-13,4th GCC Games Doha 2026,GCC Games,,Men's Team R 2,رجال فرق الدور 2,Round 2,Men,,,3.0,,,,,,,Official,KSA,GCC API,https://gccgames.qa/frontend/sport/table-tennis/COM-2026-0554,,
Saudi Arabia (Team),Table Tennis,2026-05-14,4th GCC Games Doha 2026,GCC Games,,Men’s Doubles QF,Match 1 - زوجي رجال ربع النهائي - المباراة 1,Quarter Final,Men,,,3.0,,,,,,,Official,KSA,GCC API,https://gccgames.qa/frontend/sport/table-tennis/COM-2026-0314,,QF
Saudi Arabia (Team),Table Tennis,2026-05-14,4th GCC Games Doha 2026,GCC Games,,Men’s Doubles QF,Match 3 - زوجي رجال ربع النهائي - المباراة 3,Quarter Final,Men,,,3.0,,,,,,,Official,KSA,GCC API,https://gccgames.qa/frontend/sport/table-tennis/COM-2026-0316,,QF
Khaled Alshareif,Table Tennis,2026-05-14,4th GCC Games Doha 2026,GCC Games,,Men's Singles Group 1 R1,فردي رجال المجموعة 1 الدور 1,Round 1,Men,,,3.0,,,,,,,Official,KSA,GCC API,https://gccgames.qa/frontend/sport/table-tennis/COM-2026-0527,,
Abdulaziz Bushulaybi,Table Tennis,2026-05-14,4th GCC Games Doha 2026,GCC Games,,Men's Singles Group 2 R1,فردي رجال المجموعة 2 الدور 1,Round 1,Men,,,3.0,,,,,,,Official,KSA,GCC API,https://gccgames.qa/frontend/sport/table-tennis/COM-2026-0528,,
Ali Alkhadrawi,Table Tennis,2026-05-14,4th GCC Games Doha 2026,GCC Games,,Men's Singles Group 3 R1,فردي رجال المجموعة 3 الدور 1,Round 1,Men,,,3.0,,,,,,,Official,KSA,GCC API,https://gccgames.qa/frontend/sport/table-tennis/COM-2026-0530,,
Abdulaziz Bushulaybi,Table Tennis,2026-05-14,4th GCC Games Doha 2026,GCC Games,,Men's Singles Group 2 R2,فردي رجال المجموعة 2 الدور 2,Round 2,Men,,,3.0,,,,,,,Official,KSA,GCC API,https://gccgames.qa/frontend/sport/table-tennis/COM-2026-0533,,
Ali Alkhadrawi,Table Tennis,2026-05-14,4th GCC Games Doha 2026,GCC Games,,Men's Singles Group 3 R2,فردي رجال المجموعة 3 الدور 2,Round 2,Men,,,3.0,,,,,,,Official,KSA,GCC API,https://gccgames.qa/frontend/sport/table-tennis/COM-2026-0535,,
Khaled Alshareif,Table Tennis,2026-05-15,4th GCC Games Doha 2026,GCC Games,,Men's Singles Group 1 R3,فردي رجال المجموعة 1 الدور 3,Round 3,Men,,,3.0,,,,,,,Official,KSA,GCC API,https://gccgames.qa/frontend/sport/table-tennis/COM-2026-0538,,
Abdulaziz Bushulaybi,Table Tennis,2026-05-15,4th GCC Games Doha 2026,GCC Games,,Men's Singles Group 2 R3,فردي رجال المجموعة 2 الدور 3,Round 3,Men,,,3.0,,,,,,,Official,KSA,GCC API,https://gccgames.qa/frontend/sport/table-tennis/COM-2026-0539,,
Ali Alkhadrawi,Table Tennis,2026-05-15,4th GCC Games Doha 2026,GCC Games,,Men's Singles Group 3 R3,فردي رجال المجموعة 3 الدور 3,Round 3,Men,,,3.0,,,,,,,Official,KSA,GCC API,https://gccgames.qa/frontend/sport/table-tennis/COM-2026-0540,,
Ali Alkhadrawi,Table Tennis,2026-05-16,4th GCC Games Doha 2026,GCC Games,,Men's Singles QF,فردي رجال الدور ربع النهائي,Quarter Final,Men,,,4.0,,,,,,,Scheduled,KSA,GCC API,https://gccgames.qa/frontend/sport/table-tennis/COM-2026-0543,,QF
Khaled Alshareif,Table Tennis,2026-05-16,4th GCC Games Doha 2026,GCC Games,,Men's Singles QF,فردي رجال الدور ربع النهائي,Quarter Final,Men,,,4.0,,,,,,,Scheduled,KSA,GCC API,https://gccgames.qa/frontend/sport/table-tennis/COM-2026-0544,,QF
Abdulaziz Bushulaybi,Table Tennis,2026-05-16,4th GCC Games Doha 2026,GCC Games,,Men's Singles QF,فردي رجال الدور ربع النهائي,Quarter Final,Men,,,4.0,,,,,,,Scheduled,KSA,GCC API,https://gccgames.qa/frontend/sport/table-tennis/COM-2026-0546,,QF
Saudi Arabia (Team),Table Tennis,2026-05-16,4th GCC Games Doha 2026,GCC Games,,Men’s Doubles Semifinal,زوجي رجال نصف نهائي,Semi-Final,Men,,,,,,,,,,Scheduled,KSA,GCC API,https://gccgames.qa/frontend/sport/table-tennis/COM-2026-0374,,SF
Saudi Arabia (Team),Table Tennis,2026-05-16,4th GCC Games Doha 2026,GCC Games,,Men’s Doubles Semifinal,زوجي رجال نصف نهائي,Semi-Final,Men,,,,,,,,,,Scheduled,KSA,GCC API,https://gccgames.qa/frontend/sport/table-tennis/COM-2026-0375,,SF
Riad Hamdi,Taekwondo,2026-05-12,4th GCC Games Doha 2026,GCC Games,,Seniors Men-A -58 Match 101,الرجال كبار أ -58 مباراة 101,Quater final,Men,,,2.0,,,,,,,Official,KSA,GCC API,https://gccgames.qa/frontend/sport/taekwondo/COM-2026-0559,,F
Riad Hamdi,Taekwondo,2026-05-12,4th GCC Games Doha 2026,GCC Games,,Seniors Men-A -58 Match 106,الرجال كبار أ -58 مباراة 106,Semi Final,Men,,,2.0,,,,,,,Official,KSA,GCC API,https://gccgames.qa/frontend/sport/taekwondo/COM-2026-0562,,SF
Tareg Hamedi,Taekwondo,2026-05-12,4th GCC Games Doha 2026,GCC Games,,Seniors Men-A -80 Match 108,الرجال كبار أ -80 مباراة 108,Semi Final,Men,,,2.0,,,,,,,Official,KSA,GCC API,https://gccgames.qa/frontend/sport/taekwondo/COM-2026-0572,,SF
Rahmah Alkhawahr,Taekwondo,2026-05-12,4th GCC Games Doha 2026,GCC Games,,Seniors Women-A -49 Match 110,السيدات كبار أ -49 مباراة 110,Semi Final,Men,,,2.0,,,,,,,Official,KSA,GCC API,https://gccgames.qa/frontend/sport/taekwondo/COM-2026-0580,,SF
Riad Hamdi,Taekwondo,2026-05-12,4th GCC Games Doha 2026,GCC Games,,Seniors Men-A -58 Match 113,الرجال كبار أ -58 مباراة 113,Final,Men,,,0,S,,,,,,Official,KSA,GCC API,https://gccgames.qa/frontend/sport/taekwondo/COM-2026-0565,,2
Tareg Hamedi,Taekwondo,2026-05-12,4th GCC Games Doha 2026,GCC Games,,Seniors Men-A -80 Match 114,الرجال كبار أ -80 مباراة 114,Final,Men,,,2.0,G,,,,,,Official,KSA,GCC API,https://gccgames.qa/frontend/sport/taekwondo/COM-2026-0576,,1
Rahmah Alkhawahr,Taekwondo,2026-05-12,4th GCC Games Doha 2026,GCC Games,,Seniors Women-A -49 Match 115,السيدات كبار أ -49 مباراة 115,Final,Men,,,0,S,,,,,,Official,KSA,GCC API,https://gccgames.qa/frontend/sport/taekwondo/COM-2026-0584,,2
Ali Alkhaibari,Taekwondo,2026-05-13,4th GCC Games Doha 2026,GCC Games,,Men +80kg Match 103,الرجال +80 كجم مباراة 103,Semi Final,Men,,,2.0,,,,,,,Official,KSA,GCC API,https://gccgames.qa/frontend/sport/taekwondo/COM-2026-0676,,SF
Azeen Yousif,Taekwondo,2026-05-13,4th GCC Games Doha 2026,GCC Games,,Women -57kg Match 105,السيدات -57 كجم مباراة 105,Semi Final,Women,,,0,,,,,,,Official,KSA,GCC API,https://gccgames.qa/frontend/sport/taekwondo/COM-2026-0678,,SF
Dunya Saber,Taekwondo,2026-05-13,4th GCC Games Doha 2026,GCC Games,,Women +67kg Match 106,السيدات +67 كجم مباراة 106,Semi Final,Women,,,2.0,,,,,,,Official,KSA,GCC API,https://gccgames.qa/frontend/sport/taekwondo/COM-2026-0679,,SF
Ali Alkhaibari,Taekwondo,2026-05-13,4th GCC Games Doha 2026,GCC Games,,Men +80kg Match 110,الرجال +80 كجم مباراة 110,Final,Men,,,2.0,,,,,,,Official,KSA,GCC API,https://gccgames.qa/frontend/sport/taekwondo/COM-2026-0683,,F
Dunya Saber,Taekwondo,2026-05-13,4th GCC Games Doha 2026,GCC Games,,Women +67kg,Ranking - السيدات +67 كجم - الترتيب العام,Final,Women,,,1.0,G,,,,,,Official,KSA,GCC API,https://gccgames.qa/frontend/sport/taekwondo/COM-2026-0686,,1
Azeen Yousif,Taekwondo,2026-05-13,4th GCC Games Doha 2026,GCC Games,,Women -57kg,Ranking - السيدات -57 كجم - الترتيب العام,Ranking,Women,,,3.0,B,,,,,,Official,KSA,GCC API,https://gccgames.qa/frontend/sport/taekwondo/COM-2026-0687,,3
Ali Alkhaibari,Taekwondo,2026-05-13,4th GCC Games Doha 2026,GCC Games,,Men +80kg,Ranking - الرجال +80 كجم مباراة  - الترتيب العام,Ranking,Men,,,1.0,G,,,,,,Official,KSA,GCC API,https://gccgames.qa/frontend/sport/taekwondo/COM-2026-0689,,1
